  0  170.918  -70.796  120.000   -0.924    0.383    0.000  1
  1  112.621 -146.770  120.000   -0.609    0.793    0.000  1
  2   24.147 -183.417  120.000   -0.131    0.991    0.000  1
  3  -70.796 -170.918  120.000    0.383    0.924    0.000  1
  4 -146.770 -112.621  120.000    0.793    0.609    0.000  1
  5 -183.417  -24.147  120.000    0.991    0.131    0.000  1
  6 -170.918   70.796  120.000    0.924   -0.383    0.000  1
  7 -112.621  146.770  120.000    0.609   -0.793    0.000  1
  8  -24.148  183.417  120.000    0.131   -0.991    0.000  1
  9   70.796  170.918  120.000   -0.383   -0.924    0.000  1
 10  146.770  112.621  120.000   -0.793   -0.609    0.000  1
 11  183.417   24.148  120.000   -0.991   -0.131    0.000  1
 12  170.918  -70.796   60.000   -0.924    0.383    0.000  1
 13  112.621 -146.770   60.000   -0.609    0.793    0.000  1
 14   24.147 -183.417   60.000   -0.131    0.991    0.000  1
 15  -70.796 -170.918   60.000    0.383    0.924    0.000  1
 16 -146.770 -112.621   60.000    0.793    0.609    0.000  1
 17 -183.417  -24.147   60.000    0.991    0.131    0.000  1
 18 -170.918   70.796   60.000    0.924   -0.383    0.000  1
 19 -112.621  146.770   60.000    0.609   -0.793    0.000  1
 20  -24.148  183.417   60.000    0.131   -0.991    0.000  1
 21   70.796  170.918   60.000   -0.383   -0.924    0.000  1
 22  146.770  112.621   60.000   -0.793   -0.609    0.000  1
 23  183.417   24.148   60.000   -0.991   -0.131    0.000  1
 24  170.918  -70.796    0.000   -0.924    0.383    0.000  1
 25  112.621 -146.770    0.000   -0.609    0.793    0.000  1
 26   24.147 -183.417    0.000   -0.131    0.991    0.000  1
 27  -70.796 -170.918    0.000    0.383    0.924    0.000  1
 28 -146.770 -112.621    0.000    0.793    0.609    0.000  1
 29 -183.417  -24.147    0.000    0.991    0.131    0.000  1
 30 -170.918   70.796    0.000    0.924   -0.383    0.000  1
 31 -112.621  146.770    0.000    0.609   -0.793    0.000  1
 32  -24.148  183.417    0.000    0.131   -0.991    0.000  1
 33   70.796  170.918    0.000   -0.383   -0.924    0.000  1
 34  146.770  112.621    0.000   -0.793   -0.609    0.000  1
 35  183.417   24.148    0.000   -0.991   -0.131    0.000  1
 36  170.918  -70.796  -60.000   -0.924    0.383    0.000  1
 37  112.621 -146.770  -60.000   -0.609    0.793    0.000  1
 38   24.147 -183.417  -60.000   -0.131    0.991    0.000  1
 39  -70.796 -170.918  -60.000    0.383    0.924    0.000  1
 40 -146.770 -112.621  -60.000    0.793    0.609    0.000  1
 41 -183.417  -24.147  -60.000    0.991    0.131    0.000  1
 42 -170.918   70.796  -60.000    0.924   -0.383    0.000  1
 43 -112.621  146.770  -60.000    0.609   -0.793    0.000  1
 44  -24.148  183.417  -60.000    0.131   -0.991    0.000  1
 45   70.796  170.918  -60.000   -0.383   -0.924    0.000  1
 46  146.770  112.621  -60.000   -0.793   -0.609    0.000  1
 47  183.417   24.148  -60.000   -0.991   -0.131    0.000  1
 48  170.918  -70.796 -120.000   -0.924    0.383    0.000  1
 49  112.621 -146.770 -120.000   -0.609    0.793    0.000  1
 50   24.147 -183.417 -120.000   -0.131    0.991    0.000  1
 51  -70.796 -170.918 -120.000    0.383    0.924    0.000  1
 52 -146.770 -112.621 -120.000    0.793    0.609    0.000  1
 53 -183.417  -24.147 -120.000    0.991    0.131    0.000  1
 54 -170.918   70.796 -120.000    0.924   -0.383    0.000  1
 55 -112.621  146.770 -120.000    0.609   -0.793    0.000  1
 56  -24.148  183.417 -120.000    0.131   -0.991    0.000  1
 57   70.796  170.918 -120.000   -0.383   -0.924    0.000  1
 58  146.770  112.621 -120.000   -0.793   -0.609    0.000  1
 59  183.417   24.148 -120.000   -0.991   -0.131    0.000  1
 60   55.000   -0.000  147.000    0.000    0.000   -1.000  0
 61   27.500  -47.631  147.000    0.000    0.000   -1.000  0
 62  -27.500  -47.631  147.000    0.000    0.000   -1.000  0
 63  -55.000   -0.000  147.000    0.000    0.000   -1.000  0
 64  -27.500   47.631  147.000    0.000    0.000   -1.000  0
 65   27.500   47.631  147.000    0.000    0.000   -1.000  0
 66  106.252  -28.470  147.000    0.000    0.000   -1.000  0
 67   77.782  -77.782  147.000    0.000    0.000   -1.000  0
 68   28.470 -106.252  147.000    0.000    0.000   -1.000  0
 69  -28.470 -106.252  147.000    0.000    0.000   -1.000  0
 70  -77.782  -77.782  147.000    0.000    0.000   -1.000  0
 71 -106.252  -28.470  147.000    0.000    0.000   -1.000  0
 72 -106.252   28.470  147.000    0.000    0.000   -1.000  0
 73  -77.782   77.782  147.000    0.000    0.000   -1.000  0
 74  -28.470  106.252  147.000    0.000    0.000   -1.000  0
 75   28.470  106.252  147.000    0.000    0.000   -1.000  0
 76   77.782   77.782  147.000    0.000    0.000   -1.000  0
 77  106.252   28.470  147.000    0.000    0.000   -1.000  0
 78   55.000   -0.000 -147.000    0.000    0.000    1.000  2
 79   27.500  -47.631 -147.000    0.000    0.000    1.000  2
 80  -27.500  -47.631 -147.000    0.000    0.000    1.000  2
 81  -55.000   -0.000 -147.000    0.000    0.000    1.000  2
 82  -27.500   47.631 -147.000    0.000    0.000    1.000  2
 83   27.500   47.631 -147.000    0.000    0.000    1.000  2
 84  106.252  -28.470 -147.000    0.000    0.000    1.000  2
 85   77.782  -77.782 -147.000    0.000    0.000    1.000  2
 86   28.470 -106.252 -147.000    0.000    0.000    1.000  2
 87  -28.470 -106.252 -147.000    0.000    0.000    1.000  2
 88  -77.782  -77.782 -147.000    0.000    0.000    1.000  2
 89 -106.252  -28.470 -147.000    0.000    0.000    1.000  2
 90 -106.252   28.470 -147.000    0.000    0.000    1.000  2
 91  -77.782   77.782 -147.000    0.000    0.000    1.000  2
 92  -28.470  106.252 -147.000    0.000    0.000    1.000  2
 93   28.470  106.252 -147.000    0.000    0.000    1.000  2
 94   77.782   77.782 -147.000    0.000    0.000    1.000  2
 95  106.252   28.470 -147.000    0.000    0.000    1.000  2
 96  195.715  -25.766  160.600   -0.991    0.131    0.000  3
 97  167.219 -128.312  147.500    0.000    0.000   -1.000  3
 98   75.543 -182.377  160.600   -0.383    0.924    0.000  3
 99  -27.512 -208.972  147.500    0.000    0.000   -1.000  3
100 -120.172 -156.611  160.600    0.609    0.793    0.000  3
101 -194.731  -80.660  147.500    0.000    0.000   -1.000  3
102 -195.715   25.766  160.600    0.991   -0.131    0.000  3
103 -167.219  128.312  147.500    0.000    0.000   -1.000  3
104  -75.543  182.377  160.600    0.383   -0.924    0.000  3
105   27.511  208.972  147.500    0.000    0.000   -1.000  3
106  120.172  156.611  160.600   -0.609   -0.793    0.000  3
107  194.731   80.660  147.500    0.000    0.000   -1.000  3
108  195.715  -25.766 -160.600   -0.991    0.131    0.000  3
109  167.219 -128.312 -147.500    0.000    0.000    1.000  3
110   75.543 -182.377 -160.600   -0.383    0.924    0.000  3
111  -27.512 -208.972 -147.500    0.000    0.000    1.000  3
112 -120.172 -156.611 -160.600    0.609    0.793    0.000  3
113 -194.731  -80.660 -147.500    0.000    0.000    1.000  3
114 -195.715   25.766 -160.600    0.991   -0.131    0.000  3
115 -167.219  128.312 -147.500    0.000    0.000    1.000  3
116  -75.543  182.377 -160.600    0.383   -0.924    0.000  3
117   27.511  208.972 -147.500    0.000    0.000    1.000  3
118  120.172  156.611 -160.600   -0.609   -0.793    0.000  3
119  194.731   80.660 -147.500    0.000    0.000    1.000  3
